Date,Price,StDev_ddof=1,NormStDev_ddof=1
2013-04-01,0.0010521885,0.0,0.0
2013-04-02,0.0010612491,0.0,0.0
2013-04-03,0.0010445443,0.0,0.0
2013-04-04,0.001192522,0.0,0.0
2013-04-05,0.0011207104,0.0,0.0
2013-04-06,0.0011887323,0.0,0.0
2013-04-07,0.0012070643,7.2115266571e-05,0.0597443454926
2013-04-08,0.0012497981,7.78345223578e-05,0.0622776769766
2013-04-09,0.0012497828,7.36701569555e-05,0.0589463680853
2013-04-10,0.0012019312,4.37143387641e-05,0.0363700840482
2013-04-11,0.001123309,5.29391990174e-05,0.0471279042698
2013-04-12,0.0014430503,0.000100135063616,0.0693912496441
2013-04-13,0.0015451991,0.000149549891949,0.0967835743298
2013-04-14,0.0022887864,0.000400161540392,0.174835686018
2013-04-15,0.0030360556,0.000707698245866,0.233097920165
2013-04-16,0.003673507,0.000988777048882,0.269164329585
2013-04-17,0.0038049319,0.00110204976604,0.28963718537
2013-04-18,0.0040590871,0.00108644140663,0.267656588752
2013-04-19,0.0037063372,0.000928118215684,0.25041386296
2013-04-20,0.003055154,0.000612202572287,0.200383539516
2013-04-21,0.0027531181,0.000487336268971,0.177012482309
2013-04-22,0.0027108581,0.000544534982281,0.20087181335
2013-04-23,0.0029445323,0.000551986152655,0.187461401817
2013-04-24,0.0032385158,0.00050339612295,0.155440378877
2013-04-25,0.0033165615,0.000349184839786,0.105285199682
2013-04-26,0.0036311014,0.000328058590429,0.0903468546565
2013-04-27,0.0040576561,0.000488470861511,0.120382518743
2013-04-28,0.0040441676,0.000518546117783,0.128220728978
2013-04-29,0.0043204287,0.000508194072667,0.11762584409
2013-04-30,0.004158152,0.000427914150513,0.102909694141
2013-05-01,0.0043856353,0.000383793925392,0.0875115916256
2013-05-02,0.0044553695,0.000278947328486,0.0626092467721
2013-05-03,0.0058280667,0.000622149967056,0.106750660053
2013-05-04,0.0085582542,0.00163425322194,0.190956377756
2013-05-05,0.012002862,0.00298319938187,0.248540671539
2013-05-06,0.013528192,0.00388677957505,0.287309610556
2013-05-07,0.013167124,0.00406046013351,0.308378665949
2013-05-08,0.014484081,0.00400496861696,0.276508300178
2013-05-09,0.014145442,0.00325737583623,0.230277416303
2013-05-10,0.013092851,0.00199874372122,0.152659166535
2013-05-11,0.010140518,0.00147045746995,0.145008121868
2013-05-12,0.010250777,0.00177384442856,0.173044875385
2013-05-13,0.011629133,0.00176896444409,0.152114903501
2013-05-14,0.012484762,0.00173920628377,0.139306322681
2013-05-15,0.012408039,0.00146346914352,0.117945240462
2013-05-16,0.013223784,0.00126910253264,0.095971208592
2013-05-17,0.014849991,0.00166019148578,0.111797474206
2013-05-18,0.017919295,0.00249265503216,0.139104525717
2013-05-19,0.018469116,0.00276399543442,0.149654993472
2013-05-20,0.018609813,0.00284470880617,0.152860687325
2013-05-21,0.017394985,0.00259358288917,0.14909946109
2013-05-22,0.017744343,0.00204525673908,0.115262466414
2013-05-23,0.01554325,0.001455727819,0.0936565917038
2013-05-24,0.01505356,0.00140154652474,0.0931039916634
2013-05-25,0.015872556,0.00145073536897,0.0913989762562
2013-05-26,0.015310531,0.00139144168641,0.0908813473819
2013-05-27,0.015588734,0.00105806220286,0.0678735170451
2013-05-28,0.016123096,0.000888785097503,0.0551249646782
2013-05-29,0.015164188,0.000383252522197,0.0252735274844
2013-05-30,0.015558752,0.000383438676004,0.0246445650656
2013-05-31,0.015655369,0.000322947013031,0.0206285149223
2013-06-01,0.016639622,0.000505336799182,0.0303694879116
2013-06-02,0.018149778,0.00100966111723,0.055629392119
2013-06-03,0.01812396,0.00121814542263,0.067211879889
2013-06-04,0.01838151,0.00139210023066,0.0757337253934
2013-06-05,0.018320407,0.00127634380855,0.0696678741115
2013-06-06,0.019005679,0.00117053311472,0.0615885975302
2013-06-07,0.01886771,0.000772912215847,0.0409648132098
2013-06-08,0.018400918,0.000342092314192,0.0185910460659
2013-06-09,0.018038996,0.000361101257406,0.0200178134862
2013-06-10,0.01801144,0.000379965124371,0.0210957660449
2013-06-11,0.018002944,0.000413842828833,0.0229875085338
2013-06-12,0.017727254,0.000482673475266,0.0272277632659
2013-06-13,0.01773304,0.000402812213859,0.0227153502084
2013-06-14,0.017097965,0.000404645664086,0.0236663055566
2013-06-15,0.016460467,0.000592522201232,0.0359966823075
2013-06-16,0.016816859,0.000614960064816,0.03656806927
2013-06-17,0.016415487,0.000648508659175,0.0395059043436
2013-06-18,0.015983342,0.000669825459865,0.0419077224191
2013-06-19,0.016527392,0.000565439858943,0.0342122858188
2013-06-20,0.016533979,0.000346272600327,0.0209430893995
2013-06-21,0.015406865,0.000467326497882,0.0303323549523
2013-06-22,0.014333203,0.000869235384181,0.0606448805742
2013-06-23,0.013633031,0.00115730834975,0.0848900255381
2013-06-24,0.014092239,0.00119930677587,0.0851040615954
2013-06-25,0.014997509,0.00115105444118,0.0767497083135
2013-06-26,0.015702533,0.00101131349382,0.0644044813548
2013-06-27,0.01587052,0.000858426023154,0.0540893444672
2013-06-28,0.015063584,0.000831512824863,0.0552001983633
2013-06-29,0.014827384,0.000804504689695,0.0542580329541
2013-06-30,0.014661263,0.0006079158866,0.041464087139
2013-07-01,0.014243454,0.000570547295159,0.0400568075102
2013-07-02,0.013703423,0.000767075595557,0.0559769333222
2013-07-03,0.014127223,0.000710222107006,0.050273299077
2013-07-04,0.013937688,0.000496851707833,0.0356480721791
2013-07-05,0.013017353,0.00060778611629,0.0466904536038
2013-07-06,0.01173765,0.000978383108718,0.0833542581963
2013-07-07,0.011481148,0.00114521711697,0.099747613825
2013-07-08,0.010980285,0.00129386491809,0.117835276415
2013-07-09,0.010408703,0.00146154945854,0.140416097812
2013-07-10,0.010294869,0.00135102154694,0.131232514657
2013-07-11,nan,0.00100778663194,nan
2013-07-12,0.011051152,0.000570109176543,0.0515882123912
2013-07-13,0.010876243,0.000438035762007,0.0402745471949
2013-07-14,0.010663234,0.000310593341033,0.0291274993153
2013-07-15,0.010311497,0.000315206249966,0.0305684276459
2013-07-16,0.0096844489,0.000492415632229,0.0508460148134
2013-07-17,0.0084753862,0.000963918206917,0.113731478917
2013-07-18,0.0079638243,0.00121408939742,0.152450550349
2013-07-19,0.0064811145,0.00162614321625,0.250904873884
2013-07-20,0.0069445643,0.00163286936596,0.235129130558
2013-07-21,0.0077825152,0.00138384394825,0.17781448705
2013-07-22,0.0070027233,0.0010902028414,0.155682695816
2013-07-23,0.0060516809,0.000863707844872,0.142721974133
2013-07-24,0.0058574375,0.000806067243988,0.137614314107
2013-07-25,0.0059522845,0.000702690776991,0.118053963481
2013-07-26,0.0067135707,0.000702634457708,0.104658830465
2013-07-27,0.0071626217,0.000724185657326,0.101106227253
2013-07-28,0.0062698617,0.000527568068725,0.0841434937432
2013-07-29,0.0061193874,0.000470285943941,0.0768518012018
2013-07-30,0.0060830125,0.000467627677341,0.0768743574571
2013-07-31,0.0059795669,0.000449946084594,0.0752472699309
2013-08-01,0.0058131143,0.000471745526736,0.0811519441026
2013-08-02,0.0056217429,0.000494433834887,0.0879502751517
2013-08-03,0.0057643565,0.000227495017391,0.0394658132943
2013-08-04,0.0056082194,0.000209238595713,0.0373092742614
2013-08-05,0.0053783314,0.000238913020903,0.0444214019432
2013-08-06,0.0050012051,0.000322638713321,0.0645121939352
2013-08-07,0.004182066,0.000579120244139,0.138477069501
2013-08-08,0.0041249525,0.000689488840693,0.167150734631
2013-08-09,0.0039838276,0.000756504172856,0.189893802848
2013-08-10,0.0039427853,0.000706534365504,0.179196763644
2013-08-11,0.0038934656,0.000587119133222,0.150796024298
2013-08-12,0.0039289128,0.000389751830931,0.099200936944
2013-08-13,0.0038841186,0.000116630187885,0.0300274527881
2013-08-14,0.0034875441,0.000195912117917,0.0561748073428
2013-08-15,0.0028907921,0.000400294285809,0.138472180621
2013-08-16,0.0037842577,0.000384841799409,0.101695452561
2013-08-17,0.0047297285,0.000550962894505,0.116489327982
2013-08-18,0.0051846396,0.000762902978812,0.147146771554
2013-08-19,0.0048408389,0.000827037215452,0.170845845635
2013-08-20,0.0051726998,0.000906761102881,0.175297453543
2013-08-21,0.005118052,0.000872453465202,0.170465924379
2013-08-22,0.0047366997,0.000488227870709,0.103073426992
2013-08-23,0.0046517752,0.000231345608002,0.0497327575077
2013-08-24,0.0048906748,0.000216924295504,0.0443546758626
2013-08-25,0.0051875027,0.000217459651495,0.0419199109997
2013-08-26,0.0057538332,0.000367964024911,0.0639511108718
2013-08-27,0.0060894948,0.000534722870464,0.0878107114015
2013-08-28,0.0060242994,0.000614239449935,0.101960312586
2013-08-29,0.0059126023,0.000583876155967,0.0987511295944
2013-08-30,0.0055998188,0.000448105358997,0.0800214033705
2013-08-31,0.0053444621,0.00034255179367,0.0640947184694
2013-09-01,0.0053317446,0.000309176758207,0.0579879160392
2013-09-02,0.0053713045,0.000335374924065,0.0624382631939
2013-09-03,0.0054728764,0.000283006466438,0.0517107359556
2013-09-04,0.0057069414,0.000217798794321,0.0381638392714
2013-09-05,0.0057699044,0.000179857105521,0.0311715919454
2013-09-06,0.0059387949,0.000241817470725,0.0407182727804
2013-09-07,0.0058595266,0.000242849819985,0.0414452969605
2013-09-08,0.0058314796,0.000209741995753,0.0359672004603
2013-09-09,0.0058870292,0.000155672707673,0.0264433388019
2013-09-10,0.0056917662,9.27449715641e-05,0.0162945856005
2013-09-11,0.0058264065,8.03035305857e-05,0.0137826858778
2013-09-12,0.0055086627,0.000146178203775,0.0265360599724
2013-09-13,0.00548272,0.000169585433514,0.0309308944308
2013-09-14,0.0055895893,0.00016500281939,0.0295196678206
2013-09-15,0.0059117527,0.00017882766174,0.0302495166517
2013-09-16,0.0064629423,0.000339591893986,0.0525444725054
2013-09-17,0.0085217636,0.00108367442195,0.127165510898
2013-09-18,0.010114624,0.00181299278265,0.179244703773
2013-09-19,0.010917115,0.00226709261325,0.2076640773
2013-09-20,0.0097614987,0.00218540295526,0.223879859275
2013-09-21,0.0095968431,0.00189899274711,0.197876815045
2013-09-22,0.0099026437,0.00144873510423,0.146297811789
2013-09-23,0.010049546,0.000717220020468,0.0713684001713
2013-09-24,0.0099221076,0.00042459237522,0.0427925590345
2013-09-25,0.010156105,0.000426130472202,0.0419580609103
2013-09-26,0.011302591,0.000561286168231,0.049659955689
2013-09-27,0.012978927,0.00119673311405,0.092205859086
2013-09-28,0.013337739,0.00149409992874,0.112020480289
2013-09-29,0.012574036,0.00148054459023,0.117746170779
2013-09-30,0.011188375,0.00135513328302,0.121119758948
2013-10-01,0.010395691,0.00126399828904,0.121588674484
2013-10-02,0.0084621203,0.00169767777977,0.200620851464
2013-10-03,0.0077969343,0.00219657996683,0.281723544449
2013-10-04,0.008947993,0.00210620521855,0.235382975662
2013-10-05,0.010025188,0.00165666809846,0.165250576693
2013-10-06,0.010776562,0.00126951583368,0.117803417609
2013-10-07,0.010500536,0.00115236506214,0.109743451396
2013-10-08,0.0099465944,0.00110965558632,0.111561358762
2013-10-09,0.0098671446,0.00101499529941,0.102866162457
2013-10-10,0.0099934043,0.000574603220118,0.05749824613
2013-10-11,0.0091457413,0.000515626106203,0.0563788204028
2013-10-12,0.0084651644,0.00078701702783,0.0929712632433
2013-10-13,0.0081973676,0.000861290366971,0.105069140363
2013-10-14,0.0080000051,0.000869120701899,0.108640018479
2013-10-15,0.0079567074,0.000866878524655,0.10894940345
2013-10-16,0.0079414342,0.000773680744923,0.0974233023202
2013-10-17,0.0076827833,0.000482750397779,0.0628353526227
2013-10-18,0.0073792615,0.000347909201299,0.0471468860805
2013-10-19,0.0072200062,0.000356498987623,0.0493765486826
2013-10-20,0.0069316493,0.000418206076121,0.0603328382641
2013-10-21,0.006615118,0.000508346728805,0.0768462072491
2013-10-22,0.0064815724,0.000538893934864,0.0831424693897
2013-10-23,0.0070332132,0.00042115814114,0.0598813272346
2013-10-24,0.0077510013,0.000438689914928,0.0565978378727
2013-10-25,0.0071049351,0.000417011711464,0.0586932471014
2013-10-26,0.006173371,0.0005103805229,0.0826745262677
2013-10-27,0.0060691143,0.000590829642919,0.0973502250433
2013-10-28,0.0058425242,0.000684317309617,0.117126996173
2013-10-29,0.0056328313,0.000784244513153,0.139227410051
2013-10-30,0.0059758285,0.000769553533253,0.128777713961
2013-10-31,0.0059855654,0.000470509285586,0.0786073251469
2013-11-01,0.0062203996,0.000200987286337,0.0323109927435
2013-11-02,0.0066108024,0.000308384493093,0.0466485722055
2013-11-03,0.0070029192,0.000475600722029,0.0679146379455
2013-11-04,0.006636524,0.000475950315121,0.0717168076422
2013-11-05,0.0068263559,0.000408164177713,0.0597923963667
2013-11-06,0.007524819,0.000506498707527,0.0673104173705
2013-11-07,0.0082948611,0.000691819156937,0.0834033443836
2013-11-08,0.0094543398,0.00105560609486,0.111653073318
2013-11-09,0.0084021327,0.00102689178955,0.12221799229
2013-11-10,0.0080330527,0.000977175722321,0.121644380887
2013-11-11,0.0081018091,0.000808333537432,0.0997719802398
2013-11-12,0.0086874461,0.000603025274342,0.069413411882
2013-11-13,0.0096609225,0.00065038533634,0.0673212455995
2013-11-14,0.0094889267,0.000693198652287,0.0730534310363
2013-11-15,0.009800381,0.000754545898901,0.0769914862393
2013-11-16,0.0096753768,0.000772805952585,0.0798734735153
2013-11-17,0.0093170339,0.000625708117724,0.0671574370599
2013-11-18,0.0085591355,0.000496739811383,0.0580362130478
2013-11-19,0.0081158619,0.000642308553098,0.0791423709536
2013-11-20,0.0082658163,0.000700513669771,0.0847482746225
2013-11-21,0.0087138053,0.000677080340663,0.0777020276851
2013-11-22,0.0094605639,0.000612642954385,0.0647575515435
2013-11-23,0.0093466229,0.000550263364556,0.0588729609019
2013-11-24,0.010772344,0.000918570655048,0.0852711958556
2013-11-25,0.016074194,0.00277914014442,0.1728945255
2013-11-26,0.022382448,0.00522791172877,0.233571936759
2013-11-27,0.027346356,0.00739375437827,0.270374392049
2013-11-28,0.026232189,0.00790919884243,0.301507390116
2013-11-29,0.02767415,0.00786796864063,0.284307508655
2013-11-30,0.032759165,0.00756717940478,0.230994269994
2013-12-01,0.050697306,0.0108621831088,0.214255627485
2013-12-02,0.05286302,0.012350446567,0.233631119959
2013-12-03,0.048031786,0.0120334000737,0.25052993186
2013-12-04,0.052883342,0.0121556369124,0.22985757807
2013-12-05,0.056110553,0.011059812087,0.197107522483
2013-12-06,0.050947183,0.0076561431148,0.150276083268
2013-12-07,0.039416559,0.00533833655687,0.135433855524
2013-12-08,0.032530954,0.00849953653347,0.261275354343
2013-12-09,0.036769402,0.00898275142005,0.244299633158
2013-12-10,0.039919225,0.00908548506362,0.227596729737
2013-12-11,0.040584619,0.00825072950381,0.203296956017
2013-12-12,0.036055865,0.00577742798869,0.160235456525
2013-12-13,0.035441968,0.00289060520341,0.0815588232407
2013-12-14,0.032796198,0.00313462502763,0.0955789152031
2013-12-15,0.028122789,0.00425907071198,0.151445530953
2013-12-16,0.02641372,0.00544653266696,0.206200893587
2013-12-17,0.01763751,0.00761853167535,0.431950523364
2013-12-18,0.018380808,0.00758875785828,0.41286312649
2013-12-19,0.018480258,0.00731840799215,0.396012219751
2013-12-20,0.022254412,0.00582493109178,0.261742754281
2013-12-21,0.022187421,0.00411397389248,0.18541920183
2013-12-22,0.02255195,0.00313843787791,0.139164811819
2013-12-23,0.022657247,0.00229105005054,0.101117759388
2013-12-24,0.023144832,0.00203877572242,0.0880877304454
2013-12-25,0.02233679,0.00156139470524,0.0699023765386
2013-12-26,0.023495341,0.000489357938227,0.0208278712885
2013-12-27,0.027124119,0.00172249054454,0.0635040181226
2013-12-28,0.027705262,0.00227280476589,0.0820351298569
2013-12-29,0.026441976,0.00229382434338,0.0867493542607
2013-12-30,0.02756578,0.00231516277055,0.0839868405884
2013-12-31,0.027105239,0.00214962343194,0.0793065662302
2014-01-01,0.02653417,0.00143440355208,0.0540587307643
2014-01-02,0.026658582,0.000497716181442,0.0186700170865
2014-01-03,0.027246552,0.000504123405403,0.0185022826155
2014-01-04,0.02665112,0.000421899132332,0.0158304466128
2014-01-05,0.025977932,0.000526758828287,0.0202771655683
2014-01-06,0.025925615,0.000503981997477,0.0194395387526
2014-01-07,0.026188919,0.000463927429692,0.0177146460185
2014-01-08,0.023036108,0.00136770825414,0.0593723668139
2014-01-09,0.02241874,0.00185587431508,0.0827822756802
2014-01-10,0.022434854,0.00192580716238,0.0858399685764
2014-01-11,0.02247461,0.0018523739521,0.0824207384288
2014-01-12,0.022580439,0.00170709694634,0.0756006978579
2014-01-13,0.021870554,0.00144657487236,0.066142580218
2014-01-14,0.021418098,0.000523276078936,0.0244314914861
2014-01-15,0.02144159,0.000505879206391,0.0235933625441
2014-01-16,0.021295827,0.00055988698528,0.0262909247563
2014-01-17,0.020742923,0.000661948457521,0.0319120144023
2014-01-18,0.020550671,0.000680617982209,0.0331190150535
2014-01-19,0.020440536,0.000534417618412,0.0261449904451
2014-01-20,0.019085582,0.000828415195494,0.0434052886359
2014-01-21,0.019219715,0.000926467089125,0.0482039972562
2014-01-22,0.018697675,0.000989049474517,0.0528969229873
2014-01-23,0.018670893,0.000912600826411,0.0488782634238
2014-01-24,0.018115452,0.000918746007953,0.0507161514906
2014-01-25,0.017565694,0.0009094751009,0.0517756429607
2014-01-26,0.018332095,0.000573464834947,0.0312820130458
2014-01-27,0.0195926,0.000678258982835,0.0346181202513
2014-01-28,0.019358847,0.000701127873511,0.0362174396807
2014-01-29,0.019630113,0.000800142436137,0.0407609694421
2014-01-30,0.019505702,0.000846846484607,0.0434153297639
2014-01-31,0.01988275,0.000847321125124,0.0426158919226
2014-02-01,0.020097661,0.000564464930965,0.0280861007142
2014-02-02,0.020911118,0.000526409055289,0.0251736447228
2014-02-03,0.021040463,0.000671094102641,0.0318954056591
2014-02-04,0.019424306,0.000660045267021,0.0339803783477
2014-02-05,0.020065718,0.000631546504079,0.0314739050992
2014-02-06,0.020068984,0.000571387598618,0.0284711771467
2014-02-07,0.018977547,0.000737012631339,0.0388360324619
2014-02-08,0.018454783,0.000959746038029,0.0520052735396
2014-02-09,0.017845973,0.00108539295505,0.0608200491534
2014-02-10,0.017418163,0.0010417198225,0.0598065262391
2014-02-11,0.017355906,0.0011534668313,0.0664596150324
2014-02-12,0.016965824,0.00108941151689,0.0642121194282
2014-02-13,0.016728365,0.000806297114145,0.0481993974991
2014-02-14,0.015881213,0.000823730902633,0.0518682611104
2014-02-15,0.016782914,0.000631254971759,0.0376129539696
2014-02-16,0.016014162,0.000599501843301,0.0374357299059
2014-02-17,0.015151881,0.000759742432596,0.0501417898277
2014-02-18,0.015639187,0.000676594790464,0.043262785365
2014-02-19,0.015738908,0.000588057257738,0.0373632819849
2014-02-20,0.015781983,0.000491053380396,0.0311148086014
2014-02-21,0.015053328,0.000576211679192,0.0382780259084
2014-02-22,0.014990579,0.000407865633742,0.0272081307695
2014-02-23,0.01550974,0.000336347569272,0.0216862158406
2014-02-24,0.015142631,0.000337543837203,0.0222909636511
2014-02-25,0.012891649,0.000990290013253,0.0768163958896
2014-02-26,0.013480009,0.00107932989946,0.080068930181
2014-02-27,0.014288828,0.000970242783834,0.067902194906
2014-02-28,0.014308752,0.000937101894651,0.0654915183834
2014-03-01,0.013987014,0.000903050777961,0.0645635142683
2014-03-02,0.013782368,0.000710481695888,0.0515500453832
2014-03-03,0.014212134,0.000518465888741,0.0364805094535
2014-03-04,0.01596984,0.000799359595274,0.0500543271112
2014-03-05,0.015983436,0.000926547585396,0.0579692367396
2014-03-06,0.016139189,0.00106131846486,0.0657603343553
2014-03-07,0.015773036,0.00106693347733,0.0676428734029
2014-03-08,0.014877765,0.000956553602677,0.0642941733975
2014-03-09,0.014697684,0.000766440989981,0.0521470586782
2014-03-10,0.014907017,0.000621394321849,0.0416846859334
2014-03-11,0.014372967,0.000699117063468,0.0486411096239
2014-03-12,0.014373057,0.000682363254639,0.0474751651398
2014-03-13,0.014409638,0.000497777310687,0.0345447478061
2014-03-14,0.014445487,0.000238809197559,0.0165317512354
2014-03-15,0.014388751,0.000207857535442,0.0144458358784
2014-03-16,0.014453443,0.000191657995499,0.0132603695534
2014-03-17,0.014336869,4.18946021043e-05,0.00292215839485
2014-03-18,0.014193434,8.836483242e-05,0.00622575427624
2014-03-19,0.014128301,0.000127441476778,0.00902029740007
2014-03-20,0.013937017,0.000191412518224,0.0137341095461
2014-03-21,0.013536379,0.000318179359962,0.0235055002495
2014-03-22,0.012921305,0.000535522570103,0.0414449291386
2014-03-23,0.012600045,0.000673677208581,0.0534662541746
2014-03-24,0.012483864,0.000727476048567,0.0582733077328
2014-03-25,0.012698894,0.00067310165243,0.0530047461165
2014-03-26,0.012610652,0.00055288668641,0.0438428311565
2014-03-27,0.011961121,0.000475751723405,0.0397748441309
2014-03-28,0.01071644,0.000751256593852,0.0701031866788
2014-03-29,0.01055355,0.000928856528299,0.0880136568547
2014-03-30,0.010157803,0.00108752263302,0.107062780507
2014-03-31,0.0092864737,0.00130325243112,0.140338784475
2014-04-01,0.0088374546,0.0013501671114,0.152777827158
2014-04-02,0.0088059987,0.0011519801166,0.1308176569
2014-04-03,0.0078538122,0.00105567063682,0.134415059838
2014-04-04,0.0081217386,0.000994223761011,0.122415139169
2014-04-05,0.0080875742,0.000807853754492,0.0998882649499
2014-04-06,0.008294782,0.000515181341804,0.0621090875932
2014-04-07,0.0082220402,0.000370766572155,0.0450942300373
2014-04-08,0.0080846876,0.000296619409544,0.0366890378725
2014-04-09,0.0080081865,0.000142961475264,0.0178519163189
2014-04-10,0.0073858608,0.000299192751924,0.0405088533383
2014-04-11,0.0060827607,0.000787772748915,0.129509081118
2014-04-12,0.0063208134,0.000927699314816,0.146768976729
2014-04-13,0.0061053481,0.000977175342573,0.160052355176
2014-04-14,0.0061430605,0.000919356223591,0.149657686684
2014-04-15,0.0066332901,0.000749200618227,0.112945552951
2014-04-16,0.0066401176,0.000466621099907,0.0702730174397
2014-04-17,0.00657112,0.000254281253688,0.0386967904539
2014-04-18,0.0063325188,0.000225319116898,0.0355812787951
2014-04-19,0.0061646073,0.000240786078928,0.0390594351286
2014-04-20,0.0061220795,0.000237785362351,0.0388406198173
2014-04-21,0.0060973082,0.000245638977436,0.0402864623829
2014-04-22,0.0060953468,0.000231787421717,0.0380269456886
2014-04-23,0.0058706692,0.000219663545547,0.0374171219776
2014-04-24,0.0058726335,0.000163323211834,0.0278108980978
2014-04-25,0.0057360235,0.00016479638525,0.0287300749813
2014-04-26,0.00529118,0.000294103358995,0.0555836994763
2014-04-27,0.0051392719,0.000376403267914,0.0732405825647
2014-04-28,0.0049506058,0.000434413543416,0.0877495726718
2014-04-29,0.0052068291,0.00038006893972,0.0729943181196
2014-04-30,0.0053050601,0.000329565078905,0.0621227795148
2014-05-01,0.0053429394,0.000240246559473,0.0449652413189
2014-05-02,0.0052559934,0.000133943005855,0.0254838611203
2014-05-03,0.005050464,0.00014126392099,0.0279704837
2014-05-04,0.0050260074,0.000152571987661,0.0303564988108
2014-05-05,0.0050617532,0.000131112252433,0.02590253757
2014-05-06,0.0056095937,0.000210182366441,0.037468376086
2014-05-07,0.0061782651,0.000416187933736,0.0673632366044
2014-05-08,0.0060385797,0.000488078879442,0.0808267678312
2014-05-09,0.005951688,0.000509933376587,0.0856787816477
2014-05-10,0.0059333931,0.000470733823954,0.0793363621828
2014-05-11,0.0058454774,0.000370605044492,0.0634003040525
2014-05-12,0.0058969689,0.000175287272971,0.0297249783649
2014-05-13,0.0061097214,0.000119908116144,0.0196257911439
2014-05-14,0.0069321059,0.000376832386282,0.0543604485733
2014-05-15,0.0070934663,0.000528182091556,0.0744603652456
2014-05-16,0.006912836,0.00056105947561,0.0811619826668
2014-05-17,0.0066299745,0.000527526724485,0.0795669311375
2014-05-18,0.0060707772,0.000487066371172,0.0802313040202
2014-05-19,0.0057858546,0.000511961191991,0.088484973679
2014-05-20,0.0063565864,0.000488146081024,0.0767937459364
2014-05-21,0.0064908258,0.00045657678824,0.0703418643957
2014-05-22,0.005374458,0.000526758908562,0.098011540617
2014-05-23,0.0028039679,0.00132525047511,0.472633968137
2014-05-24,0.003380597,0.00148236050033,0.438490745964
2014-05-25,0.0034496824,0.001549500961,0.449172063203
2014-05-26,0.003821607,0.00152005685304,0.397753315044
2014-05-27,0.0040973169,0.00128868241933,0.314518610785
2014-05-28,0.0048513816,0.000891188885869,0.183697956448
2014-05-29,0.0049280879,0.000783248649296,0.158935608534
2014-05-30,0.0045188781,0.000635933737833,0.140728234699
2014-05-31,0.0040731148,0.000543503096867,0.133436724363
2014-06-01,0.0039880763,0.000439808187145,0.110280785537
2014-06-02,0.0042336416,0.000385328527801,0.0910158592076
2014-06-03,0.0044238992,0.000363960531128,0.0822714340164
2014-06-04,0.0041277071,0.000325389759054,0.0788306319153
2014-06-05,0.0039685673,0.000212963318744,0.0536625191524
2014-06-06,0.0039062795,0.000178664322722,0.0457377212057
2014-06-07,0.0039518619,0.000187698703095,0.0474962708325
2014-06-08,0.0039354883,0.000193229100902,0.0490991425134
2014-06-09,0.0041069246,0.000181840435732,0.0442765459419
2014-06-10,0.0043933432,0.000171738026802,0.0390905101158
2014-06-11,0.0045507317,0.000255355288046,0.0561130176156
2014-06-12,0.004294151,0.000253635065385,0.059065241391
2014-06-13,0.0040489814,0.000234613402256,0.0579438083504
2014-06-14,0.0039639715,0.000232660961029,0.0586939035836
2014-06-15,0.0039636561,0.000227823673722,0.0574781635878
2014-06-16,0.004188554,0.000225004669896,0.0537189373459
2014-06-17,0.0041908206,0.000208487420821,0.0497485911998
2014-06-18,0.004226951,0.000132361731339,0.0313137605188
2014-06-19,0.0041781582,0.000113635801521,0.0271975823033
2014-06-20,0.0041438603,0.000110948396828,0.0267741643772
2014-06-21,0.0041032851,8.79236682152e-05,0.0214276283691
2014-06-22,0.0041350493,4.15646790121e-05,0.0100517976925
2014-06-23,0.0041021808,4.65109978548e-05,0.0113381150472
2014-06-24,0.0040730447,5.20794598348e-05,0.0127863708038
2014-06-25,0.0040146835,5.3105289489e-05,0.0132277649008
2014-06-26,0.0039670414,6.47493647251e-05,0.0163218273258
2014-06-27,0.0039754969,6.70136538167e-05,0.0168566736442
2014-06-28,0.0039996354,6.54763975104e-05,0.016370591557
2014-06-29,0.0039027663,6.70320229121e-05,0.0171755154574
2014-06-30,0.0038810612,6.56786259704e-05,0.0169228524328
2014-07-01,0.0036039045,0.000142026228154,0.0394089877116
2014-07-02,0.0035229024,0.000192264732108,0.0545756624162
2014-07-03,0.0034280845,0.000234394839421,0.0683748721542
2014-07-04,0.0033252679,0.000261615725865,0.0786750823489
2014-07-05,0.0031990759,0.000266513542237,0.0833095401822
2014-07-06,0.0029148164,0.00030807011604,0.105691087796
2014-07-07,0.0029542822,0.000268909624525,0.0910236755735
2014-07-08,0.0031353674,0.000229839092615,0.0733053142719
2014-07-09,0.0037939225,0.00030242406664,0.0797127686819
2014-07-10,0.0039192102,0.00039376763567,0.100471170357
2014-07-11,0.004081455,0.000487851679854,0.119528864058
2014-07-12,0.004250206,0.000561713635825,0.132161508366
2014-07-13,0.0042433863,0.000523237594963,0.123306613627
2014-07-14,0.0042743715,0.000405648223979,0.094902425767
2014-07-15,0.0043519065,0.000207012787014,0.0475682984031
2014-07-16,0.0047103854,0.000244905171292,0.0519925973131
2014-07-17,0.0054491036,0.000468785592886,0.0860298550546
2014-07-18,0.006328751,0.000801623544396,0.126663783169
2014-07-19,0.0056726836,0.000818794402522,0.144339868087
2014-07-20,0.0053409794,0.000751071953999,0.14062438698
2014-07-21,0.0052950015,0.000641267516673,0.121108089709
2014-07-22,0.0055122448,0.000483905629579,0.0877873982627
2014-07-23,0.0060269693,0.000383700726279,0.0636639589784
2014-07-24,0.0061065341,0.000403206110642,0.066028634908
2014-07-25,0.0060128212,0.000341151971706,0.0567374216459
2014-07-26,0.0060583372,0.000364534435618,0.0601707075034
2014-07-27,0.0060750684,0.000325863043458,0.0536394032136
2014-07-28,0.0061179676,0.000212893793868,0.0347981237868
2014-07-29,0.0061316323,4.56361659801e-05,0.00744274342415
2014-07-30,0.0058910777,8.32130479485e-05,0.0141252674275
2014-07-31,0.0053841399,0.000263355016386,0.0489131079945
2014-08-01,0.0050137953,0.00043819625762,0.0873981148813
2014-08-02,0.0054089554,0.000445606939609,0.0823831787574
2014-08-03,0.0052226772,0.000448074613495,0.0857940470636
2014-08-04,0.0051584171,0.000406537996954,0.078810609742
2014-08-05,0.0050748611,0.000296235672482,0.058373158722
2014-08-06,0.0051678537,0.000147785844685,0.0285971417273
2014-08-07,0.0052887053,0.000131998133463,0.0249584966405
2014-08-08,0.005415061,0.000129447381831,0.0239050643808
2014-08-09,0.0053233924,0.000114952335347,0.0215938121239
2014-08-10,0.0050474873,0.000135528355776,0.0268506581039
2014-08-11,0.0049838295,0.000160537493396,0.0322116744557
2014-08-12,0.0049955249,0.000172068348527,0.0344444982203
2014-08-13,0.0049799826,0.000187267513964,0.0376040498543
2014-08-14,0.0051117602,0.000176708472704,0.0345690067198
2014-08-15,0.005367668,0.000164085134053,0.0305691659866
2014-08-16,0.0052861813,0.000156668868613,0.0296374376363
2014-08-17,0.0052905269,0.000167005791566,0.03156694876
2014-08-18,0.0050931077,0.000154024752263,0.0302418015356
2014-08-19,0.0049351109,0.000166044876133,0.0336456220534
2014-08-20,0.0052023076,0.000147920940831,0.0284337167665
2014-08-21,0.00518579,0.000144518520012,0.0278681782356
2014-08-22,0.0050967035,0.000125392230574,0.0246026143318
2014-08-23,0.0050665527,0.000114279905385,0.0225557518399
2014-08-24,0.0051460238,8.9644550036e-05,0.0174201584602
2014-08-25,0.0050704033,9.04965315906e-05,0.017847994772
2014-08-26,0.0048591753,0.000114880263262,0.0236419260821
2014-08-27,0.0049909476,0.000107871493986,0.0216134294791
2014-08-28,0.0050083321,9.30429671717e-05,0.0185776352913
2014-08-29,0.0050337877,8.89262608943e-05,0.0176658743265
2014-08-30,0.0049663785,8.91907580744e-05,0.0179589127318
2014-08-31,0.004907359,7.29950025931e-05,0.0148746000839
2014-09-01,0.0049161097,6.24990645306e-05,0.0127131143006
2014-09-02,0.0049088512,5.17573063014e-05,0.0105436698308
2014-09-03,0.0047775971,8.42620456824e-05,0.0176369090818
2014-09-04,0.004729409,0.000105085684487,0.0222196228931
2014-09-05,0.0048115369,8.68771455034e-05,0.0180560073234
2014-09-06,0.0047876251,7.58309528458e-05,0.0158389496383
2014-09-07,0.0047412202,7.50650341294e-05,0.0158324294091
2014-09-08,0.0046854067,7.14425355515e-05,0.0152478835085
2014-09-09,0.0046173035,6.68580701902e-05,0.0144798950708
2014-09-10,0.0046695392,6.80440413389e-05,0.0145718963745
2014-09-11,0.0047414668,6.8464642301e-05,0.0144395490233
2014-09-12,0.0046456496,6.05673266579e-05,0.0130374289654
2014-09-13,0.0046437213,4.84019734082e-05,0.0104231004148
2014-09-14,0.0048329193,7.40526883239e-05,0.0153225584222
2014-09-15,0.0050951165,0.000169468616724,0.0332609895621
2014-09-16,0.0050312624,0.000187013470705,0.0371702876608
2014-09-17,0.0052887325,0.000247101505653,0.0467222544633
2014-09-18,0.0052759115,0.0002723214767,0.0516160054429
2014-09-19,0.0050085122,0.000230942650198,0.0461100304793
2014-09-20,0.0048144333,0.000189187456795,0.0392958932041
2014-09-21,0.0046348184,0.000236015767693,0.050922333374
2014-09-22,0.0045511719,0.000290825140459,0.0639011548782
2014-09-23,0.0045328253,0.00032480363657,0.0716558912099
2014-09-24,0.0046288897,0.000275885105607,0.0596007084825
2014-09-25,0.0049088664,0.000185606508124,0.0378104623348
2014-09-26,0.0046294494,0.000138691318087,0.0299584909788
2014-09-27,0.0047178424,0.000126356171707,0.0267826181958
2014-09-28,0.0047751417,0.000133074411822,0.0278681597705
2014-09-29,0.0046930984,0.000120824476729,0.0257451402956
2014-09-30,0.0046871102,9.74864859581e-05,0.020798846581
2014-10-01,0.0047302346,8.88318301129e-05,0.0187795823304
2014-10-02,0.004797361,5.6459373622e-05,0.0117688399147
2014-10-03,0.0049745199,9.97153386962e-05,0.020045218574
2014-10-04,0.0050003625,0.000128963021858,0.0257907345433
2014-10-05,0.004884093,0.000130860332905,0.0267931697666
2014-10-06,0.0046897017,0.000131430927527,0.0280254344379
2014-10-07,0.0047266193,0.000125311504765,0.0265118675339
2014-10-08,0.0046397069,0.000140902784061,0.0303688976691
2014-10-09,0.0047989742,0.000140868433415,0.0293538634599
2014-10-10,0.0048027001,0.000122468679817,0.0254999640342
2014-10-11,0.0047922908,8.19372342973e-05,0.0170977175044
2014-10-12,0.0047373204,6.1793734874e-05,0.0130440269301
2014-10-13,0.0047310373,5.79234297121e-05,0.0122432832462
2014-10-14,0.0048146987,6.21812317004e-05,0.0129148749641
2014-10-15,0.0048514111,4.2582889442e-05,0.00877742342677
2014-10-16,0.0048199004,4.40456692273e-05,0.00913829448163
2014-10-17,0.0048589014,5.07676988049e-05,0.0104483904129
2014-10-18,0.0048986699,6.23896817222e-05,0.0127360452931
2014-10-19,0.004962367,7.22915671022e-05,0.0145679606329
2014-10-20,0.0050014803,7.15398410014e-05,0.014303733437
2014-10-21,0.0051904322,0.000127509499903,0.0245662586448
2014-10-22,0.0052077462,0.000154343163435,0.0296372283725
2014-10-23,0.005197707,0.000150401066031,0.0289360416105
2014-10-24,0.0051055574,0.000126427655117,0.0247627526657
2014-10-25,0.0048632957,0.000135305285508,0.0278217270458
2014-10-26,0.0045170081,0.000251871405802,0.0557606717158
2014-10-27,0.0048298676,0.000261231569205,0.0540866936405
2014-10-28,0.0047397833,0.000258362654609,0.0545093811797
2014-10-29,0.0047230946,0.000233034054327,0.0493392730958
2014-10-30,0.0047335373,0.000178513899189,0.0377125789606
2014-10-31,0.004866644,0.00012119406268,0.0249030055783
2014-11-01,0.0048133283,0.000114947477106,0.023881079773
2014-11-02,0.0047104825,6.14877117634e-05,0.0130533786642
2014-11-03,0.0047025688,6.09709591382e-05,0.0129654581849
2014-11-04,0.0047455466,6.07597889107e-05,0.0128035385662
2014-11-05,0.0047389312,5.95941458599e-05,0.0125754401878
2014-11-06,0.0048013945,6.03295714638e-05,0.0125650103243
2014-11-07,0.0048156245,4.8383460209e-05,0.0100471829166
2014-11-08,0.0048308754,5.18679352849e-05,0.0107367570037
2014-11-09,0.0048444242,5.36676723672e-05,0.0110782355449
2014-11-10,0.0048533486,4.57960996137e-05,0.00943597985393
2014-11-11,0.0048507982,4.02283207715e-05,0.00829313426634
2014-11-12,0.004897632,3.10247863685e-05,0.00633465037154
2014-11-13,0.0049821573,5.64174495635e-05,0.0113238997018
2014-11-14,0.0050977784,9.82101509313e-05,0.0192652844485
2014-11-15,0.005125884,0.000120331688572,0.0234753046639
2014-11-16,0.0051188663,0.000124719341238,0.0243646412954
2014-11-17,0.0052197712,0.000134561016295,0.025779102405
2014-11-18,0.005313818,0.000138736755914,0.0261086766452
2014-11-19,0.0054925571,0.000167615780183,0.0305168935217
2014-11-20,0.0059423746,0.000303865979728,0.0511354467166
2014-11-21,0.0063121032,0.000457090054423,0.0724148576061
2014-11-22,0.007046081,0.000702772348109,0.0997394648329
2014-11-23,0.0082558144,0.00110023083348,0.133267389524
2014-11-24,0.0084737516,0.00127735588064,0.150742662865
2014-11-25,0.0089728797,0.00136552918507,0.152184051356
2014-11-26,0.0095945429,0.00138387987254,0.144236144126
2014-11-27,0.012322746,0.00194439707659,0.157789268446
2014-11-28,0.014997644,0.00275898656593,0.183961331922
2014-11-29,0.014284841,0.00284360806678,0.199064733502
2014-11-30,0.011808411,0.00257991836973,0.218481417164
2014-12-01,0.011425305,0.00222024219209,0.194326732817
2014-12-02,0.01325256,0.00182992027104,0.13808051207
2014-12-03,0.012859443,0.00129632935231,0.100807581814
2014-12-04,0.012985293,0.00126299494501,0.0972634922451
2014-12-05,0.013315098,0.000963513052563,0.0723624454407
2014-12-06,0.013770182,0.000848279674559,0.061602647994
2014-12-07,0.014449144,0.000930617564497,0.0644064149749
2014-12-08,0.014649099,0.000704492266982,0.0480911670392
2014-12-09,0.014926339,0.000834410749776,0.0559019026552
2014-12-10,0.01550714,0.000907139087519,0.0584981555283
2014-12-11,0.016050104,0.000945671835623,0.0589199818034
2014-12-12,0.016832429,0.00103776559091,0.0616527532009
2014-12-13,0.016269186,0.000896501542281,0.0551042653444
2014-12-14,0.016979034,0.000899870609892,0.0529989285546
2014-12-15,0.017327723,0.000853772819886,0.0492720722674
2014-12-16,0.019677926,0.00135117728756,0.0686646187996
2014-12-17,0.023694004,0.00273233624442,0.115317624004
2014-12-18,0.026819091,0.00407524855962,0.151953269394
2014-12-19,0.02516308,0.00432183286186,0.171752935724
2014-12-20,0.022462541,0.00383496015392,0.170726907251
2014-12-21,0.024854185,0.00333017785293,0.13398861612
2014-12-22,0.024852262,0.00230438918368,0.0927235188362
2014-12-23,0.024185212,0.00134951648872,0.055799241649
2014-12-24,0.022719401,0.00149777979731,0.0659251446511
2014-12-25,0.023468529,0.00108909764273,0.0464067280369
2014-12-26,0.024615949,0.00100453911642,0.0408084659431
2014-12-27,0.024228108,0.000787637089318,0.0325092280965
2014-12-28,0.022970894,0.000820769458526,0.0357308452395
2014-12-29,0.023797118,0.000696232088879,0.029256991913
2014-12-30,0.023982117,0.000677205789234,0.0282379486863
2014-12-31,0.024080543,0.000534798556113,0.0222087415601
2015-01-01,0.024018217,0.000504201786855,0.0209924736235
2015-01-02,0.024205845,0.00043364556721,0.0179149113452
2015-01-03,0.022984303,0.00052154134514,0.0226911969068
2015-01-04,0.019801535,0.0015805796268,0.0798210657305
2015-01-05,0.019254278,0.0021549549564,0.111920839431
2015-01-06,0.020404266,0.00220132263393,0.107885411508
2015-01-07,0.020737319,0.00205990834903,0.0993333973899
2015-01-08,0.020729078,0.00178035305233,0.0858867457749
2015-01-09,0.020616665,0.00116848940448,0.0566769360844
2015-01-10,0.019803648,0.000576458214303,0.0291086881721
2015-01-11,0.019058709,0.000712679770095,0.0373939163505
2015-01-12,0.018407833,0.000919246042829,0.0499377652344
2015-01-13,0.016733522,0.00149428395448,0.0892988310818
2015-01-14,0.014013604,0.00240536631581,0.171645089715
2015-01-15,0.015205619,0.00245031963675,0.161145668371
2015-01-16,0.016528616,0.00209887296776,0.126984193217
2015-01-17,0.015554586,0.00177921161805,0.114385019187
2015-01-18,0.015230038,0.00141232640634,0.0927329535446
2015-01-19,0.015653766,0.000908294519843,0.0580240256461
2015-01-20,0.016084404,0.000794522880444,0.0493970979866
2015-01-21,0.016438395,0.000544330190155,0.0331133416708
2015-01-22,0.016816064,0.000583446300536,0.0346957706949
2015-01-23,0.016918489,0.000652030011065,0.0385394943405
2015-01-24,0.016579853,0.000623794985548,0.0376236740789
2015-01-25,0.016513159,0.000435713902251,0.0263858600436
2015-01-26,0.016403715,0.000276327964295,0.0168454502102
2015-01-27,0.015760251,0.000374426725269,0.0237576625695
2015-01-28,0.015069671,0.000656783240231,0.0435831173906
2015-01-29,0.014418617,0.000914128163935,0.0633991570714
2015-01-30,0.014233952,0.00100013729866,0.0702642034101
2015-01-31,0.014331544,0.000982052627584,0.0685238539256
2015-02-01,0.013931152,0.000909567252362,0.0652901678455
2015-02-02,0.013621773,0.000720055782165,0.052860650531
2015-02-03,0.013160182,0.000612802821209,0.0465649199387
2015-02-04,0.013322829,0.0005023875366,0.0377087731592
2015-02-05,0.013976976,0.000444996668854,0.0318378359421
2015-02-06,0.015433165,0.000760372645633,0.049268743361
2015-02-07,0.014424308,0.000768524543175,0.0532798206455
2015-02-08,0.014624308,0.000804759998196,0.055028928425
2015-02-09,0.014104518,0.00077917486887,0.0552429277534
2015-02-10,0.013669452,0.000690091434222,0.0504842062595
2015-02-11,0.013723791,0.000615618303252,0.0448577439901
2015-02-12,0.01388791,0.000623779413072,0.0449152833703
2015-02-13,0.014294535,0.000362791750144,0.0253797517823
2015-02-14,0.014537421,0.000381468503254,0.0262404523646
2015-02-15,0.014307749,0.000326571022566,0.0228247659758
2015-02-16,0.013663442,0.000360706547177,0.0263993909571
2015-02-17,0.013827319,0.000340061122647,0.0245934242674
2015-02-18,0.013946754,0.000315664485557,0.0226335450928
2015-02-19,0.013659536,0.000347398642851,0.0254326825487
2015-02-20,0.013505553,0.000375562845918,0.0278080316977
2015-02-21,0.013193415,0.00035069851813,0.0265813300143
2015-02-22,0.013264821,0.000277876395247,0.0209483712782
2015-02-23,0.013143815,0.000318365112565,0.0242216671921
2015-02-24,0.013258516,0.000294333441884,0.0221995766256
2015-02-25,0.013291519,0.000184194120806,0.0138580188469
2015-02-26,0.013224203,0.000115457612395,0.0087307804028
2015-02-27,0.013222587,4.94089200126e-05,0.00373670598746
2015-02-28,0.013002887,9.9245405304e-05,0.00763256692948
2015-03-01,0.012265174,0.000362496847909,0.0295549698609
2015-03-02,0.011624996,0.000646295556988,0.0555953358597
2015-03-03,0.010979616,0.000918021677813,0.0836114557935
2015-03-04,0.0092145412,0.00147077428873,0.159614489404
2015-03-05,0.011078185,0.00137758812448,0.124351428007
2015-03-06,0.010974523,0.00119329384392,0.108733094269
2015-03-07,0.010539698,0.000947213018311,0.0898709828603
2015-03-08,0.0095875702,0.000866606009508,0.0903884917065
2015-03-09,0.0099280284,0.000752571992489,0.075802763869
2015-03-10,0.010105221,0.000697080851033,0.0689822470021
2015-03-11,0.010114384,0.000552104862726,0.0545861085288
2015-03-12,0.010187691,0.000443581502141,0.0435409262159
2015-03-13,0.01047451,0.000322914689552,0.0308286201027
2015-03-14,0.01080731,0.000388208835929,0.0359209494249
2015-03-15,0.01092815,0.000382411473575,0.0349932489557
2015-03-16,0.010866675,0.000368533667043,0.0339141151311
2015-03-17,0.010676038,0.000328154673184,0.0307374957999
2015-03-18,0.010686178,0.000256494937657,0.0240024953409
2015-03-19,0.010512669,0.000172081835474,0.0163689958728
2015-03-20,0.010381232,0.000195179658975,0.0188012038432
2015-03-21,0.010202083,0.000259945128553,0.0254796131882
2015-03-22,0.0099404238,0.000318428262055,0.0320336706423
2015-03-23,0.0098629377,0.00033380186964,0.0338440614544
2015-03-24,0.0095193596,0.000408003366397,0.0428603796412
2015-03-25,0.0091388254,0.000485799804149,0.0531577946712
2015-03-26,0.0086711528,0.000605771588068,0.0698605597248
2015-03-27,0.0085926744,0.000634144744702,0.0738006254143
2015-03-28,0.0086078223,0.000590481063487,0.0685981939343
2015-03-29,0.0084868069,0.000535851641857,0.0631393701036
2015-03-30,0.0083350476,0.000415182886527,0.0498116995189
2015-03-31,0.0078673432,0.000382872422553,0.0486660379266
2015-04-01,0.0075016344,0.000443221328025,0.0590833016368
2015-04-02,0.007684365,0.000460115537271,0.0598768456822
2015-04-03,0.0082587779,0.000422814837264,0.0511958115818
2015-04-04,0.0087842986,0.000461240859674,0.0525074204187
2015-04-05,0.0085976492,0.000477113933034,0.0554935333991
2015-04-06,0.0086736915,0.000515020103156,0.0593772678168
2015-04-07,0.0089213767,0.000555607006947,0.0622781691246
2015-04-08,0.0091781108,0.000488234669712,0.0531955519334
2015-04-09,0.0089195749,0.000292095368822,0.0327476782355
2015-04-10,0.0085163526,0.000227152250627,0.0266724807316
2015-04-11,0.0083392839,0.000286406787179,0.0343442903028
2015-04-12,0.0082432922,0.000340893738821,0.0413540768118
2015-04-13,0.0082148922,0.000384625114943,0.0468204701388
2015-04-14,0.0079016289,0.000440117298219,0.0556995657211
2015-04-15,0.0077296359,0.000391319666996,0.0506258861424
2015-04-16,0.0078839772,0.000284354839926,0.0360674355992
2015-04-17,0.0079325663,0.000228280221793,0.0287776002317
2015-04-18,0.0078145253,0.000195531000146,0.0250214814899
2015-04-19,0.0077739158,0.000159354479534,0.0204986114635
2015-04-20,0.0077856641,7.52410967403e-05,0.00966405637
2015-04-21,0.0078474858,6.94116979978e-05,0.00884508742887
2015-04-22,0.0080548866,9.85060946267e-05,0.0122293583409
2015-04-23,0.0079883649,0.000108311897211,0.013558706765
2015-04-24,0.0078764175,0.00010629218231,0.0134949908775
2015-04-25,0.0077610364,0.000113253735663,0.0145926046246
2015-04-26,0.0077439803,0.00011794077624,0.0152299943531
2015-04-27,0.0076388876,0.000144530323575,0.0189203364604
2015-04-28,0.0075261656,0.00018791485671,0.0249682064809
2015-04-29,0.0077421171,0.000150201689963,0.0194005965065
2015-04-30,0.0078620627,0.000122336860046,0.0155604024941
2015-05-01,0.0079481085,0.000138060286866,0.0173702066178
2015-05-02,0.0079037673,0.000150611739024,0.0190556899396
2015-05-03,0.0079464959,0.000164397688412,0.0206880731432
2015-05-04,0.0079509075,0.000157032587876,0.0197502722646
2015-05-05,0.0078724259,7.46368109351e-05,0.00948078926156
2015-05-06,0.0077195921,8.21527598536e-05,0.0106421114988
2015-05-07,0.0074926688,0.000170919716887,0.0228115937658
2015-05-08,0.0072153072,0.0002791304233,0.0386858681915
2015-05-09,0.0075057822,0.000278067496542,0.03704710437
2015-05-10,0.0073923704,0.000265448994754,0.0359085084202
2015-05-11,0.0072668764,0.000235872453412,0.0324585751056
2015-05-12,0.0071562664,0.00019699430171,0.0275275249269
2015-05-13,0.006948335,0.000199356258472,0.0286912272468
2015-05-14,0.0064241402,0.000357769243051,0.0556913815565
2015-05-15,0.0065337325,0.000418271757118,0.0640172760544
2015-05-16,0.0065169072,0.00039829890263,0.0611177803223
2015-05-17,0.0063836085,0.000368108609059,0.057664659269
2015-05-18,0.0059111751,0.000403965786094,0.0683393368087
2015-05-19,0.0060705973,0.000336776729374,0.0554767039768
2015-05-20,0.0064524597,0.000240081502714,0.0372077492734
2015-05-21,0.0064317096,0.000240605705955,0.0374092925395
2015-05-22,0.0064367939,0.000229357977259,0.0356323319998
2015-05-23,0.0066318161,0.000249468612708,0.0376169376451
2015-05-24,0.0066469086,0.000277021958355,0.041676811737
2015-05-25,0.0067455735,0.000221192947267,0.032790829018
2015-05-26,0.0067709765,0.00014683381756,0.0216857668255
2015-05-27,0.0066875086,0.000137224428386,0.0205195143055
2015-05-28,0.0070916662,0.000198179370026,0.0279453889167
2015-05-29,0.0083714705,0.000627692151386,0.0749799155818
2015-05-30,0.0086620215,0.000859582373346,0.0992357700043
2015-05-31,0.0081829193,0.000866374236227,0.105875935527
2015-06-01,0.0078548279,0.000804233092497,0.102387105451
2015-06-02,0.0075823687,0.000707346642965,0.0932883470788
2015-06-03,0.0080065674,0.000519860400061,0.0649292479647
2015-06-04,0.0077867827,0.000370175426691,0.0475389439969
2015-06-05,0.0077569568,0.00035772121854,0.0461161803221
2015-06-06,0.0077752735,0.000193749537774,0.024918678137
2015-06-07,0.007833122,0.000126999376818,0.0162131238116
2015-06-08,0.0078466073,0.000126438328732,0.0161137576914
2015-06-09,0.0079141277,8.85307525702e-05,0.0111864195179
2015-06-10,0.0078703638,5.64032244597e-05,0.00716653332591
2015-06-11,0.0079053767,6.02765579546e-05,0.00762475467546
2015-06-12,0.0079118834,5.11134942276e-05,0.00646034473001
2015-06-13,0.0079380202,3.8925738189e-05,0.00490370863367
2015-06-14,0.0080151164,5.37346915e-05,0.00670416857576
2015-06-15,0.0082252778,0.000121664794498,0.0147915726929
2015-06-16,0.0088896582,0.000364749455665,0.0410307626524
2015-06-17,0.009290228,0.00055551269801,0.0597953783276
2015-06-18,0.0096844204,0.00072133079766,0.0744836312207
2015-06-19,0.010564354,0.000973651023396,0.0921638013452
2015-06-20,0.01095255,0.00111151951359,0.101484997885
2015-06-21,0.010381416,0.000981395981704,0.0945339230895
2015-06-22,0.010118105,0.000732514783554,0.0723964401985
2015-06-23,0.010563077,0.000571641146017,0.0541169155556
2015-06-24,0.010628304,0.000408593070367,0.0384438637027
2015-06-25,0.010836702,0.00027697839598,0.0255592887928
2015-06-26,0.011017337,0.000322493593292,0.0292714649005
2015-06-27,0.011277586,0.000390752295415,0.0346485759821
2015-06-28,0.011315006,0.000426030711517,0.0376518325768
2015-06-29,0.011611392,0.00038670042821,0.0333035374407
2015-06-30,0.011345532,0.000337267282535,0.0297268812547
2015-07-01,0.010838843,0.000289224870316,0.0266841092094
2015-07-02,0.010779281,0.000301072679746,0.0279306829228
2015-07-03,0.01088749,0.000315642071624,0.0289912616796
2015-07-04,0.0107349,0.000344608996922,0.0321017426266
2015-07-05,0.010189749,0.000457106050861,0.0448594024113
2015-07-06,0.0098092176,0.0005030441382,0.0512827993743
2015-07-07,0.0095101014,0.000558424490851,0.0587190890364
2015-07-08,0.0092761207,0.000654492954721,0.0705567527513
2015-07-09,0.0089935144,0.000721790933022,0.0802568274113
2015-07-10,0.0087100894,0.000701455501648,0.0805336741604
2015-07-11,0.0084923424,0.000603861047515,0.071106535638
2015-07-12,0.0084115195,0.000528127737964,0.0627862466423
2015-07-13,0.0084781293,0.000431099905241,0.050848470221
2015-07-14,0.0086316065,0.000315481211399,0.0365495358713
2015-07-15,0.0084886675,0.000200968388848,0.0236749040822
2015-07-16,0.0082529635,0.000147652303574,0.0178908223178
2015-07-17,0.0079694579,0.00021696521713,0.0272245891568
2015-07-18,0.0080235858,0.000249708767979,0.0311218418054
2015-07-19,0.0079923634,0.000273832570782,0.0342617767833
2015-07-20,0.0079311583,0.000279983304363,0.0353016916033
2015-07-21,0.007726553,0.000245865438766,0.0318208441418
2015-07-22,0.0076370393,0.000202341077167,0.0264947015746
2015-07-23,0.0074635433,0.000214132565213,0.0286904700095
2015-07-24,0.0075274054,0.00022764816958,0.0302425812724
2015-07-25,0.0077189428,0.000195061883419,0.0252705439687
2015-07-26,0.0079194156,0.000178989427753,0.0226013429265
2015-07-27,0.008377312,0.00030714758173,0.0366642166043
2015-07-28,0.0085708826,0.000429824592148,0.0501493967667
2015-07-29,0.0083495454,0.000444655562102,0.0532550624974
2015-07-30,0.008405266,0.000399103884102,0.0474826000869
2015-07-31,0.0083817838,0.000305985448495,0.036506005857
2015-08-01,0.0082390762,0.00020215595803,0.0245362408506
2015-08-02,0.0081360152,0.000136430355507,0.0167686947668
2015-08-03,0.0082279524,0.000143215394994,0.0174059581329
2015-08-04,0.0081695237,0.000106332196822,0.01301571557
2015-08-05,0.008137034,0.00011098320445,0.0136392700891
2015-08-06,0.0079909885,0.000119757017454,0.014986508547
2015-08-07,0.0078574865,0.00013749583482,0.0174987045564
2015-08-08,0.0082143247,0.000133841799871,0.0162937070007
2015-08-09,0.0085091347,0.000204179223987,0.0239952981337
2015-08-10,0.0085611423,0.000255559397929,0.0298510863356
2015-08-11,0.008534372,0.00028272234757,0.0331274928688
2015-08-12,0.0083436924,0.000278774239406,0.0334113754488
2015-08-13,0.0081568456,0.000255465770814,0.0313191867717
2015-08-14,0.0081810814,0.000176928413265,0.0216265313367
2015-08-15,0.0084078437,0.000165636546625,0.0197002409339
2015-08-16,0.0083248439,0.000157015658914,0.0188610934692
2015-08-17,0.0081768972,0.000140702054814,0.0172072671788
2015-08-18,0.0080898762,0.000117634402863,0.0145409398062
2015-08-19,0.0078713446,0.000171490722423,0.0217867125806
2015-08-20,0.0077617943,0.000231924042578,0.0298802098605
2015-08-21,0.0078888254,0.000244282531897,0.0309656405752
2015-08-22,0.0077083558,0.000227696705682,0.0295389459944
2015-08-23,0.0075550141,0.000215922809237,0.0285800670097
2015-08-24,0.0074555671,0.000214151142174,0.0287236556659
2015-08-25,0.0070042053,0.000308904418599,0.0441027076404
2015-08-26,0.0073084821,0.000301629245169,0.0412711204656
2015-08-27,0.0074241618,0.000284133690085,0.0382714840731
2015-08-28,0.0074172086,0.000218840922055,0.0295044852932
2015-08-29,0.00748101,0.000180824561091,0.0241711428124
2015-08-30,0.0077914306,0.000233743103202,0.03000002377
2015-08-31,0.0077632818,0.000269554884226,0.0347217698867
2015-09-01,0.0076396704,0.000186319807459,0.0243884615047
2015-09-02,0.007701041,0.000159966011764,0.0207719984563
2015-09-03,0.0074783335,0.000150954531035,0.0201855842663
2015-09-04,0.0073996792,0.000154787992974,0.0209182031802
2015-09-05,0.0075955396,0.000144891747831,0.0190758992069
2015-09-06,0.0076439411,0.000126002574494,0.0164839802984
2015-09-07,0.0078178445,0.000138621133761,0.0177313751586
2015-09-08,0.0077780414,0.000152576820135,0.0196163548493
2015-09-09,0.007679059,0.000151105267007,0.0196775759904
2015-09-10,0.0076156624,0.00013674461599,0.0179557087497
2015-09-11,0.0075684042,9.40747947731e-05,0.0124299379746
2015-09-12,0.007568443,9.81756346232e-05,0.0129717082659
2015-09-13,0.0075370596,0.00011001873414,0.0145970365075
2015-09-14,0.0073947218,0.000119581519496,0.0161711992324
2015-09-15,0.0073151663,0.000127063844678,0.0173699188053
2015-09-16,0.007291724,0.000133236225321,0.0182722529433
2015-09-17,0.0071738092,0.000155607053306,0.0216909941383
2015-09-18,0.0073231145,0.00014005623557,0.0191252281485
2015-09-19,0.0072503098,0.000115078413277,0.0158722063542
2015-09-20,0.0072726832,6.83919759863e-05,0.00940395368608
2015-09-21,0.0071395909,7.04801234745e-05,0.00987173137252
2015-09-22,0.0070520252,9.66893793895e-05,0.0137108669705
2015-09-23,0.0067113079,0.000206356073433,0.0307475199332
2015-09-24,0.0063700606,0.000351602755988,0.0551961398904
2015-09-25,0.0064842628,0.000372233641386,0.0574056994398
2015-09-26,0.0065094379,0.000360225255837,0.0553389188699
2015-09-27,0.0063432047,0.000322564131832,0.0508519190358
2015-09-28,0.0061772001,0.00028643800105,0.0463701995099
2015-09-29,0.0056234912,0.000347488246981,0.0617922629596
2015-09-30,0.0052146871,0.000493981552526,0.094728896107
2015-10-01,0.005329131,0.000553363610608,0.103837494445
2015-10-02,0.0055686495,0.000514087127733,0.0923180975447
2015-10-03,0.0056096064,0.000417455939081,0.0744180445674
2015-10-04,0.0052341097,0.000332276815146,0.0634829673413
2015-10-05,0.0049747571,0.000245433429148,0.0493357613678
2015-10-06,0.0050087567,0.000247464385911,0.0494063498655
2015-10-07,0.0052718781,0.000246000140288,0.0466627140503
2015-10-08,0.004955253,0.000273896098182,0.0552738877676
2015-10-09,0.0047914748,0.000272133084915,0.0567952658156
2015-10-10,0.0049808602,0.000167609548918,0.0336507234067
2015-10-11,0.0050162477,0.000141860772455,0.0282802566658
2015-10-12,0.0051637101,0.000153759499611,0.0297769426697
2015-10-13,0.0052017839,0.000166728772136,0.0320522296467
2015-10-14,0.005297246,0.000172420739208,0.0325491282088
2015-10-15,0.0052956408,0.000186047352189,0.0351321698763
2015-10-16,0.0052593543,0.000129316530976,0.0245879101502
2015-10-17,0.0052213179,9.76639636423e-05,0.0187048491421
2015-10-18,0.0049837267,0.000108475405575,0.02176592179
2015-10-19,0.0049252411,0.000151770180773,0.030814771844
2015-10-20,0.0047739653,0.000211027645804,0.0442038499534
2015-10-21,0.0046241172,0.000258486056898,0.0558995470309
2015-10-22,0.0046320531,0.000258769565777,0.0558649825877
2015-10-23,0.0046687284,0.000222298296635,0.0476143132754
2015-10-24,0.0045912662,0.000156578652765,0.0341035884099
2015-10-25,0.0045986819,0.00012151162103,0.026423141168
2015-10-26,0.0045644438,6.92533621424e-05,0.0151723550945
2015-10-27,0.0045722104,3.6670260037e-05,0.00802024772023
2015-10-28,0.0045670002,3.86220947695e-05,0.00845677536197
2015-10-29,0.0045454145,4.01887919561e-05,0.00884161212494
2015-10-30,0.0045812375,1.78867957963e-05,0.00390435898517
2015-10-31,0.004647621,3.30443122603e-05,0.00710994124958
2015-11-01,0.0046926663,5.35231571599e-05,0.0114057028005
2015-11-02,0.0048965661,0.000123090830071,0.0251381943095
2015-11-03,0.0051080721,0.000208528643632,0.0408233555732
2015-11-04,0.005128931,0.000244894428718,0.0477476551582
2015-11-05,0.0045146349,0.000250442369315,0.0554734490965
2015-11-06,0.004438981,0.000275283072925,0.0620149248047
2015-11-07,0.0045016712,0.000291612726768,0.0647787707748
2015-11-08,0.0045427356,0.000302224613176,0.0665292105435
2015-11-09,0.0044965364,0.00030397548678,0.06760214079
2015-11-10,0.0044728706,0.000241958069097,0.0540945828159
2015-11-11,0.0043272784,7.10946487096e-05,0.0164294140885
2015-11-12,0.0043018913,9.16655519143e-05,0.0213081980742
2015-11-13,0.0043776299,9.46935044809e-05,0.0216312266327
2015-11-14,0.0043063067,9.92508471133e-05,0.0230477887498
2015-11-15,0.0041877258,0.000106729981344,0.0254863824523
2015-11-16,0.0041120933,0.000118731988284,0.0288738556306
2015-11-17,0.0042122017,9.27750343814e-05,0.0220253067134
2015-11-18,0.0042036168,8.97148032327e-05,0.0213422886769
2015-11-19,0.0041942219,8.71414687085e-05,0.020776551834
2015-11-20,0.0041837835,5.72096758002e-05,0.0136741482441
2015-11-21,0.0042005405,3.35093763716e-05,0.00797739633068
2015-11-22,0.0042233795,3.65822026768e-05,0.00866183175743
2015-11-23,0.004189678,1.35639943292e-05,0.00323747894926
2015-11-24,0.0042038774,1.27658221899e-05,0.00303667804154
2015-11-25,0.0042318026,1.76535982853e-05,0.00417164975637
2015-11-26,0.0042445659,2.26130925355e-05,0.00532753951011
2015-11-27,0.0042277001,1.9676004263e-05,0.00465406812159
2015-11-28,0.0042029533,1.93506248159e-05,0.00460405420538
2015-11-29,0.0042118045,1.92796440191e-05,0.00457752586073
2015-11-30,0.0041965034,1.78423562528e-05,0.0042517197181
2015-12-01,0.0041126429,4.36741647053e-05,0.0106194886761
2015-12-02,0.0041337685,4.87003685298e-05,0.0117811068834
2015-12-03,0.0042619958,5.22704803764e-05,0.0122643200109
2015-12-04,0.0044884061,0.000124508853106,0.0277401042445
2015-12-05,0.0049327531,0.000291678988954,0.0591310740758
2015-12-06,0.0052024893,0.000430044425231,0.0826612800974
2015-12-07,0.0054040541,0.000530042644138,0.098082408934
2015-12-08,0.005971859,0.000665556941762,0.111448870739
2015-12-09,0.0076095564,0.00112485875581,0.147821856712
2015-12-10,0.0083857864,0.00145479343632,0.173483244973
2015-12-11,0.0077785388,0.00141628581834,0.182076075566
2015-12-12,0.0084867569,0.0014106731563,0.166220521327
2015-12-13,0.0086795807,0.0012885830936,0.148461445102
2015-12-14,0.0080927606,0.000915566044695,0.113133958849
2015-12-15,0.0063737802,0.000780171321584,0.12240323593
2015-12-16,0.0064054147,0.000968764203759,0.151241449482
2015-12-17,0.0066672281,0.000996160090563,0.149411430901
2015-12-18,0.0063564973,0.00107149908467,0.168567535563
2015-12-19,0.0061685674,0.000997291181733,0.161673062328
2015-12-20,0.0061674985,0.000677524155053,0.109853963492
2015-12-21,0.0061824743,0.000180850431728,0.0292521121726
2015-12-22,0.0060829444,0.000201754685637,0.0331672743281
2015-12-23,0.0059992526,0.000220585925612,0.0367689011148
2015-12-24,0.0058797915,0.000151712899341,0.0258024284264
2015-12-25,0.0061458448,0.00011278268076,0.0183510460206
2015-12-26,0.0063715183,0.000154771578436,0.0242911612506
2015-12-27,0.0061793745,0.000155462079005,0.0251582225685
2015-12-28,0.0063118053,0.000171008345353,0.0270934126172
2015-12-29,0.006233155,0.000172273371289,0.0276382299637
2015-12-30,0.0061140582,0.000159390697471,0.0260695420712
2015-12-31,0.0060365605,0.000115806183581,0.0191841336769
2016-01-01,0.0058666018,0.000171724330908,0.0292715164183
2016-01-02,0.0059937598,0.000152040448678,0.0253664567403
2016-01-03,0.0059949159,0.000152992715972,0.0255204107153
2016-01-04,0.0058983499,0.00012530150241,0.0212434841158
2016-01-05,0.0059475644,8.38161529051e-05,0.0140925170823
2016-01-06,0.0059988347,6.10570592595e-05,0.0101781533103
2016-01-07,0.0059815367,5.29124353844e-05,0.00884596016679
2016-01-08,0.0059301134,3.89220900806e-05,0.00656346471901
2016-01-09,0.005921228,3.92028934804e-05,0.00662073702962
2016-01-10,0.0059449775,3.46274729033e-05,0.00582466004342
2016-01-11,0.0058874006,3.7288276985e-05,0.00633357223645
2016-01-12,0.0058558035,5.00022959812e-05,0.00853892996601
2016-01-13,0.0057752157,6.79581599336e-05,0.0117672072289
2016-01-14,0.0056039815,0.000121052891047,0.0216012295984
2016-01-15,0.005412954,0.000195654573935,0.0361456191823
2016-01-16,0.005074083,0.000313950881578,0.0618734225628
2016-01-17,0.0050288253,0.000358582419526,0.071305403973
2016-01-18,0.0053887852,0.000320925251579,0.0595542853665
2016-01-19,0.0052518059,0.000270388593262,0.0514848793749
2016-01-20,0.0052291665,0.000201336912268,0.0385026776768
2016-01-21,0.0053350705,0.000149014507585,0.0279311224818
2016-01-22,0.0051471728,0.000132246167177,0.0256929721063
2016-01-23,0.0050787912,0.000131462126431,0.0258845306401
2016-01-24,0.0050932251,0.000118395109972,0.0232456071835
2016-01-25,0.0051227391,9.46478068959e-05,0.0184760154769
2016-01-26,0.0052197611,9.12951535642e-05,0.0174902934857
2016-01-27,0.0058155252,0.000260792229576,0.0448441405732
2016-01-28,0.0063217066,0.000481797204105,0.0762131548631
2016-01-29,0.0064143601,0.000595646974115,0.0928614803081
2016-01-30,0.0066677931,0.000670494642575,0.100557205738
2016-01-31,0.0064340287,0.000622080643244,0.0966860224362
2016-02-01,0.006471524,0.000502715978844,0.0776812353387
2016-02-02,0.0065750787,0.000275426362965,0.0418894397363
2016-02-03,0.0067854386,0.000160948848763,0.0237197413831
2016-02-04,0.0068353265,0.000170028958384,0.024875030971
2016-02-05,0.0070089386,0.000207572832907,0.0296154446134
2016-02-06,0.0074890463,0.000367949532231,0.0491316941425
2016-02-07,0.008143077,0.000586697014339,0.0720485652216
2016-02-08,0.0079058913,0.000603643991761,0.0763536923106
2016-02-09,0.0076265589,0.000534916477899,0.0701386411503
2016-02-10,0.0077268557,0.000469200136933,0.0607232948498
2016-02-11,0.007668933,0.000354079233711,0.0461705994446
2016-02-12,0.0077451474,0.000211674687882,0.0273299753962
2016-02-13,0.0079583563,0.000184952605845,0.0232400509443
2016-02-14,0.0082567924,0.000219345634888,0.0265654777621
2016-02-15,0.0084025866,0.000306698030512,0.0365004307736
2016-02-16,0.0082819188,0.000305002285031,0.0368274903916
2016-02-17,0.0081120151,0.000280011496498,0.0345181182538
2016-02-18,0.0078197863,0.00024890060911,0.0318295922115
2016-02-19,0.008040846,0.000202986886063,0.0252444688112
2016-02-20,0.0081359484,0.000189386359438,0.0232777237671
2016-02-21,0.0079767957,0.000192609286635,0.0241461977815
2016-02-22,0.007918078,0.000152898318722,0.0193100293685
2016-02-23,0.0078892029,0.000117653993065,0.0149132928328
2016-02-24,0.0078973029,0.000106367307289,0.013468814434
2016-02-25,0.0079409674,8.93906191545e-05,0.0112568928509
2016-02-26,0.0079761267,8.41953499082e-05,0.0105559193171
2016-02-27,0.0079042066,3.64487698197e-05,0.00461131289505
2016-02-28,0.0078090508,5.17032671158e-05,0.00662094132052
2016-02-29,0.0077823757,6.86437818155e-05,0.00882041480155
2016-03-01,0.0079243708,7.02198833731e-05,0.00886125664047
2016-03-02,0.0079533166,7.4186702267e-05,0.00932776928143
2016-03-03,0.0079633609,7.67549856123e-05,0.00963851652288
2016-03-04,0.0080004134,8.10991202248e-05,0.0101368662055
2016-03-05,0.0079582562,8.35147797971e-05,0.0104941054545
2016-03-06,0.00777114,9.21623384616e-05,0.0118595648079
2016-03-07,0.0078113492,8.60486969132e-05,0.0110158558669
2016-03-08,0.0078792543,8.66329583731e-05,0.0109950707357
2016-03-09,0.0079178449,8.43638483462e-05,0.0106549003437
2016-03-10,0.0080238651,9.44109470618e-05,0.0117662679875
2016-03-11,0.0084162801,0.000215195647239,0.025568974022
2016-03-12,0.0085696378,0.000312511949753,0.0364673463508
2016-03-13,0.0085116796,0.000325242078357,0.0382112689436
2016-03-14,0.0084281413,0.000296912657021,0.0352287232087
2016-03-15,0.008326381,0.000248054191833,0.0297913573535
2016-03-16,0.008206992,0.00018801504159,0.0229091293851
2016-03-17,0.0081923125,0.000144313720448,0.0176157489657
2016-03-18,0.0081237735,0.000171442361756,0.0211037840673
2016-03-19,0.0079808093,0.000182373809004,0.0228515432644
2016-03-20,0.0078589034,0.000194471307662,0.0247453490346
2016-03-21,0.0078598812,0.000181896696845,0.0231424231762
2016-03-22,0.0079508863,0.000148978983525,0.0187374058568
2016-03-23,0.0081898881,0.000145594519647,0.017777351518
2016-03-24,0.0082803105,0.000165195141938,0.0199503559605
2016-03-25,0.0081610072,0.000169086499775,0.0207188274231
2016-03-26,0.0080418177,0.000167072900779,0.0207755145679
2016-03-27,0.0079959838,0.000148032462956,0.018513352035
2016-03-28,0.0077460143,0.000178004487303,0.0229801392573
2016-03-29,0.0073783265,0.000312837976246,0.0423995842751
2016-03-30,0.0073647956,0.000367119989781,0.0498479536596
2016-03-31,0.0071237718,0.000401217326375,0.0563209122414
2016-04-01,0.0073579159,0.00035542286154,0.0483048279392
2016-04-02,0.0073841461,0.000292002220918,0.0395444804265
2016-04-03,0.0074452466,0.000183396960342,0.0246327583484
2016-04-04,0.0074163668,0.000105550257483,0.0142320708144
2016-04-05,0.0073938159,0.000106330678231,0.0143810286419
2016-04-06,0.0072971947,0.000108359268019,0.0148494418025
2016-04-07,0.0069589694,0.000166738784203,0.0239602697783
2016-04-08,0.00662742,0.000308668753899,0.0465744971496
2016-04-09,0.0064021613,0.000422511025121,0.0659950609368
2016-04-10,0.0059799389,0.000552752050487,0.0924343976971
2016-04-11,0.0059962366,0.000577972075438,0.0963891377198
2016-04-12,0.0058638008,0.000544817869466,0.0929120698414
2016-04-13,0.005759856,0.000445575454721,0.0773587837476
2016-04-14,0.0059273461,0.000314383279506,0.0530394672762
2016-04-15,0.006321881,0.00023743057762,0.0375569514232
2016-04-16,0.0063968637,0.000236073081454,0.036904503914
2016-04-17,0.006489991,0.000288983513519,0.0445275676836
2016-04-18,0.0067331191,0.000365555752291,0.0542921856664
2016-04-19,0.007054892,0.000444470608571,0.0630017594275
2016-04-20,0.0071177294,0.000422748276119,0.0593936987993
2016-04-21,0.0074116162,0.000414509998967,0.0559270728248
2016-04-22,0.0072175246,0.000383178872255,0.0530900680622
2016-04-23,0.007352947,0.000333949068374,0.0454170373285
2016-04-24,0.007262412,0.000227034400089,0.0312615698598
2016-04-25,0.007247393,0.000124131687753,0.0171277710141
2016-04-26,0.007157772,0.000103192118335,0.0144167931495
2016-04-27,0.0068199317,0.000191557576244,0.0280879024411
2016-04-28,0.0066168058,0.000271126736067,0.0409754712866
2016-04-29,0.00665176,0.000310473421518,0.0466753793759
2016-04-30,0.0067665174,0.0002820883972,0.0416888600922
2016-05-01,0.0067516829,0.000246074655718,0.0364464177839
2016-05-02,0.0066907498,0.000180891330829,0.027036032767
2016-05-03,0.0065390823,9.67231882198e-05,0.0147915538882
2016-05-04,0.0064002816,0.000128330082974,0.0200506932342
2016-05-05,0.0062063172,0.000206106773829,0.033209191085
2016-05-06,0.006278783,0.000229083777369,0.0364853789929
2016-05-07,0.0064482597,0.000201735612251,0.0312852803139
2016-05-08,0.0063861224,0.000160940253644,0.0252015610668
2016-05-09,0.0063666195,0.000108654384633,0.0170662601453
2016-05-10,0.0063234318,8.16047716675e-05,0.0129051398431
2016-05-11,0.0061925205,9.45831395488e-05,0.0152737709223
2016-05-12,0.006143045,0.000108633349115,0.017683957893
2016-05-13,0.0061125085,0.000131277656838,0.0214768874086
2016-05-14,0.0060538044,0.000132563073058,0.0218974820293
2016-05-15,0.0060088012,0.000133047349224,0.0221420787268
2016-05-16,0.0059915414,0.000115794466795,0.0193263234057
2016-05-17,0.0059976668,7.90941263024e-05,0.0131874825561
2016-05-18,0.0059736206,6.53019936369e-05,0.0109317276757
2016-05-19,0.0059868948,4.89026204292e-05,0.00816827789076
2016-05-20,0.0060402545,2.92757112007e-05,0.00484676783084
2016-05-21,0.0059834738,2.18731902764e-05,0.00365560057712
2016-05-22,0.005910533,3.8556687032e-05,0.0065233857982
2016-05-23,0.0058459701,6.41882749359e-05,0.010979918446
2016-05-24,0.0058867292,6.76955335641e-05,0.011499685354
2016-05-25,0.0057602919,9.57889829655e-05,0.016629189046
2016-05-26,0.0055932581,0.000148489755847,0.0265479892385
2016-05-27,0.0056483759,0.000143007624892,0.0253183618484
2016-05-28,0.0055536756,0.000145399825382,0.0261808279515
2016-05-29,0.0054011426,0.000172366950458,0.0319130530747
2016-05-30,0.0055479284,0.00015782952804,0.028448371475
2016-05-31,0.0056508328,0.000111640785035,0.0197565189037
2016-06-01,0.005691752,9.65785439932e-05,0.0169681574308
2016-06-02,0.0057423516,0.000113887756657,0.0198329472994
2016-06-03,0.005723109,0.00012184027905,0.0212891767482
2016-06-04,0.0057461044,0.000127075913243,0.0221151417373
2016-06-05,0.0057570601,7.42538929367e-05,0.0128978839281
2016-06-06,0.0057084908,3.70130549476e-05,0.00648385996306
2016-06-07,0.0057183528,2.30171421581e-05,0.00402513502807
2016-06-08,0.0057091725,1.92337980848e-05,0.00336892922482
2016-06-09,0.0057343577,1.85503512709e-05,0.00323494840074
2016-06-10,0.0056996271,2.14917201163e-05,0.00377072389812
2016-06-11,0.005686807,2.32783163921e-05,0.00409338955798
2016-06-12,0.0057112507,1.47905790877e-05,0.00258972681548
2016-06-13,0.0056756194,1.96626582527e-05,0.00346440747114
2016-06-14,0.006303403,0.000227778622587,0.036135817841
2016-06-15,0.0068532492,0.000456703444074,0.0666404256939
2016-06-16,0.006514721,0.000488823360644,0.0750336600207
2016-06-17,0.0066364981,0.00050069550072,0.0754457385771
2016-06-18,0.0065267702,0.00045665899692,0.0699670714498
2016-06-19,0.0066132184,0.000377529180329,0.0570870576917
2016-06-20,0.0066531926,0.00016717140954,0.0251264948409
2016-06-21,0.0063433311,0.000156251864137,0.0246324622936
2016-06-22,0.0060982448,0.000199977707004,0.0327926663429
2016-06-23,0.006368744,0.000203780140474,0.0319969118674
2016-06-24,0.0063150446,0.000194119208047,0.0307391666002
2016-06-25,0.0064297233,0.000188347173898,0.0292932005174
2016-06-26,0.006369647,0.000163975616709,0.0257432816463
2016-06-27,0.0063618212,0.000106507937979,0.0167417370955
2016-06-28,0.0065340998,0.000132678509819,0.0203055530035
2016-06-29,0.0067959185,0.000166384022762,0.0244829338024
2016-06-30,0.0066369615,0.000174289497668,0.0262604352411
2016-07-01,0.0066267737,0.000160882669169,0.0242776766572
2016-07-02,0.0067497613,0.000170683537974,0.0252873443056
2016-07-03,0.0066392955,0.000142900477119,0.0215234398166
2016-07-04,0.0066639406,8.59830642526e-05,0.0129027356955
2016-07-05,0.006661819,6.48131758119e-05,0.00972905085111
2016-07-06,0.00659423,4.85567464221e-05,0.00736352029306
2016-07-07,0.0064284499,9.84946576824e-05,0.0153216808429
2016-07-08,0.0064543971,0.00011728605945,0.018171497296
2016-07-09,0.0065107807,9.94613968307e-05,0.0152764163644
2016-07-10,0.0064331512,0.00010410410418,0.0161824432449
2016-07-11,0.0063860577,9.97440519543e-05,0.0156190339393
2016-07-12,0.006312933,8.94535401884e-05,0.0141698858816
2016-07-13,0.0063569444,6.55632894048e-05,0.0103136483945
2016-07-14,0.0063628759,6.74480976239e-05,0.0106002535149
2016-07-15,0.0063794601,6.36698168167e-05,0.00998043969531
2016-07-16,0.0064566747,4.82200641847e-05,0.00746825051984
2016-07-17,0.0065502304,7.87467336134e-05,0.0120219791984
2016-07-18,0.0065040611,8.72513980129e-05,0.0134149105722
2016-07-19,0.0064522314,7.43301164832e-05,0.011520063661
2016-07-20,0.0064080947,6.72703761571e-05,0.0104977187926
2016-07-21,0.0063850582,6.31649595717e-05,0.00989262080206
2016-07-22,0.0063412511,7.12107830263e-05,0.011229768685
2016-07-23,0.0062657518,9.68358019165e-05,0.0154547778156
2016-07-24,0.0062850596,8.65470836522e-05,0.0137702884555
2016-07-25,0.0061989002,8.89126461982e-05,0.014343293702
2016-07-26,0.0060443751,0.000124753238375,0.020639559311
2016-07-27,0.0058561304,0.00018625464225,0.0318050708451
2016-07-28,0.0058883134,0.000196835142208,0.0334281022148
2016-07-29,0.0059692477,0.00017827759073,0.0298660065203
2016-07-30,0.0060711633,0.00015703457745,0.0258656487546
2016-07-31,0.0059929677,0.000115973115982,0.0193515336286
2016-08-01,0.0058661872,8.68281263351e-05,0.01480145849
2016-08-02,0.005764747,0.000102097333648,0.0177106356356
2016-08-03,0.0054878519,0.000192593169131,0.0350944545589
2016-08-04,0.0057219634,0.000199091828795,0.034794320564
2016-08-05,0.0058473406,0.000190982847037,0.032661488376
2016-08-06,0.0061025711,0.000198057029282,0.0324546860719
2016-08-07,0.0063086633,0.000266477194633,0.0422398822002
2016-08-08,0.0060592789,0.000275690577976,0.0454989087854
2016-08-09,0.0060606858,0.000274374490135,0.0452711952392
2016-08-10,0.0061604907,0.00019562975944,0.0317555482131
2016-08-11,0.0062136206,0.000145350333855,0.0233922125621
2016-08-12,0.0061804056,8.99358942382e-05,0.0145517786467
2016-08-13,0.0060817918,9.22713475926e-05,0.0151717373148
2016-08-14,0.0060599219,6.61395860192e-05,0.0109142637662
2016-08-15,0.0060573773,6.64175799846e-05,0.0109647421145
2016-08-16,0.0060829503,6.37900008237e-05,0.0104866878205
2016-08-17,0.006153598,6.31014380701e-05,0.010254397195
2016-08-18,0.0060543732,5.05631251985e-05,0.00835150452874
2016-08-19,0.0060611547,3.49862587481e-05,0.00577221016123
2016-08-20,0.0061104824,3.70247851101e-05,0.00605922457285
2016-08-21,0.0060686749,3.62618475876e-05,0.00597524965255
2016-08-22,0.0060228191,4.23463594028e-05,0.0070309864367
2016-08-23,0.0059406419,6.71271739362e-05,0.011299649948
2016-08-24,0.0059673737,5.98079036144e-05,0.0100224833605
2016-08-25,0.0060244845,5.902428152e-05,0.00979739951527
2016-08-26,0.0060123206,5.73061620527e-05,0.00953145480178
2016-08-27,0.0059513461,4.64068094416e-05,0.00779769965682
2016-08-28,0.0059219827,4.22310347862e-05,0.00713123238036
2016-08-29,0.0059354037,3.9347078327e-05,0.00662921686809
2016-08-30,0.006066648,5.29339557402e-05,0.00872540416721
2016-08-31,0.005966291,5.29880777756e-05,0.00888124259706
2016-09-01,0.0059735695,4.96778736102e-05,0.00831627950594
2016-09-02,0.0058983472,5.40337574973e-05,0.00916083025721
2016-09-03,0.0058900284,6.01242644996e-05,0.0102078055345
2016-09-04,0.0058706374,6.69075291264e-05,0.0113969786528
2016-09-05,0.005883955,7.06034407231e-05,0.011999316909
2016-09-06,0.0058795695,4.26026728967e-05,0.0072458830356
2016-09-07,0.0058254478,4.42164812252e-05,0.0075902287246
2016-09-08,0.0058357603,2.78181342302e-05,0.0047668397604
2016-09-09,0.0058164491,3.05578456647e-05,0.00525369433125
2016-09-10,0.0058248738,2.88399926173e-05,0.00495117896241
2016-09-11,0.0058307868,2.75539939998e-05,0.00472560478456
2016-09-12,0.0058326005,2.06091136403e-05,0.00353343481013
2016-09-13,0.0058553611,1.22215688113e-05,0.00208724425404
2016-09-14,0.0058638552,1.67687452482e-05,0.00285967928543
2016-09-15,0.0067933108,0.000361718564247,0.0532462851909
2016-09-16,0.0083151268,0.000944256844547,0.113558923064
2016-09-17,0.007204991,0.000964861557411,0.133915720007
2016-09-18,0.0069588977,0.000922270591775,0.132531132305
2016-09-19,0.0069360041,0.000842298474045,0.121438577876
2016-09-20,0.0068185808,0.000723661807989,0.106130854677
2016-09-21,0.0068053342,0.000546495703416,0.0803040214271
2016-09-22,0.0068562427,0.000540734232329,0.0788674287053
2016-09-23,0.0069881028,0.00013710089695,0.019619187192
2016-09-24,0.0073354788,0.000181187021343,0.0247000947427
2016-09-25,0.0075628093,0.00029209996477,0.0386232090726
2016-09-26,0.0081715784,0.000509171762783,0.0623100872143
2016-09-27,0.0079295398,0.000535742572265,0.067562883317
2016-09-28,0.0084867714,0.000608026290977,0.0716440048069
2016-09-29,0.0090618134,0.000710013360433,0.0783522380226
2016-09-30,0.0089722445,0.000664156346064,0.0740234337199
2016-10-01,0.0084753116,0.000540102164376,0.0637265259222
2016-10-02,0.0080842394,0.0004341820383,0.0537072217703
2016-10-03,0.0081179605,0.000440433070511,0.054254152938
2016-10-04,0.0079786081,0.000431119741213,0.0540344551091